SM:2020-05-20T08:50:10.7332252Z
LM:2020-05-20T08:50:11.6706273Z
CT:image/jpeg
MA:2592000
