SM:2020-05-20T05:32:04.8256724Z
LM:2020-05-20T05:32:05.4382355Z
CT:image/jpeg
MA:2592000
