SM:2020-05-14T20:35:44.4331855Z
LM:2020-05-14T20:35:45.0980473Z
CT:image/jpeg
MA:2592000
