SM:2020-05-20T05:32:09.1303196Z
LM:2020-05-20T05:32:09.3132781Z
CT:image/jpeg
MA:2592000
