SM:2020-05-20T00:34:32.7479506Z
LM:2020-05-20T00:34:33.0962951Z
CT:image/png
MA:2592000
