SM:2020-05-20T08:50:10.8959058Z
LM:2020-05-20T08:50:11.6704883Z
CT:image/jpeg
MA:2592000
