SM:2020-05-20T08:50:10.8633889Z
LM:2020-05-20T08:50:11.6660423Z
CT:image/jpeg
MA:2592000
