SM:2020-05-20T05:33:53.3703857Z
LM:2020-05-20T05:33:53.7908740Z
CT:image/jpeg
MA:2592000
