SM:2020-05-19T23:37:59.7147365Z
LM:2020-05-19T23:38:00.4861067Z
CT:image/jpeg
MA:2592000
