SM:2020-05-20T08:50:10.7521741Z
LM:2020-05-20T08:50:11.6704638Z
CT:image/jpeg
MA:2592000
