SM:2020-05-20T05:33:53.3773650Z
LM:2020-05-20T05:33:54.0794225Z
CT:image/jpeg
MA:2592000
