SM:2020-05-20T01:36:13.9334290Z
LM:2020-05-20T01:36:14.6343527Z
CT:image/jpeg
MA:2592000
