SM:2020-05-20T05:33:53.3434561Z
LM:2020-05-20T05:33:53.8541666Z
CT:image/jpeg
MA:2592000
