SM:2020-05-20T05:33:53.3983091Z
LM:2020-05-20T05:33:54.0094803Z
CT:image/jpeg
MA:2592000
